%% c)
R = [6e6 8e6 9e6 9.5e6 ];
B = 64*0.19 + 1518*0.48 + (1517+65)/2*(1-0.19-0.49);
lambda =  R ./ (B * 8) ;

Capacidade = 10e6;
miu = Capacidade / (B*8) 

w = 1 ./(miu - lambda )
w = w .* 1000

e_s = 1 / miu;
e_s2 = (0.19  * ((64*8) / 10e6)^2) + (0.48  * ((1518*8) / 10e6)^2) + (((1-0.19-0.49)  * ((((1517+65)/2)*8) / 10e6))^2)

ws = (lambda .* e_s2) ./ (2 .*(1-lambda .*e_s)) + e_s
ws = ws .* 1000





